# Created by Octave 8.3.0, Mon Oct 09 09:29:44 2023 GMT 
# name: A
# type: matrix
# rows: 3
# columns: 3
 1 0 -2
 2 1 3
 0 1 0


# name: B
# type: matrix
# rows: 3
# columns: 3
 2 1 1
 1 0 -1
 1 1 0


# name: C
# type: matrix
# rows: 3
# columns: 3
 -1 -1 -3
 1 1 4
 -1 0 0


# name: D
# type: matrix
# rows: 3
# columns: 3
 0 -1 1
 8 5 1
 1 0 -1


# name: E
# type: matrix
# rows: 3
# columns: 3
 2 0 -2
 2 0 -3
 0 1 0


